Aone 28171 (20,16.5,42.3,90.2,42.3,92.7,2,6,210,297,0)
Aone 28173 (23.3,7,44.5,96.5,44.5,99,2,5,210,297,0)
Aone 28175 (20,20.3,42.3,83.8,42.3,87.6,2,6,210,297,0)
Aone 28177 (25,10,48,89,48,91,2,5,210,297,0)
Aone 28179 (23,20,42,84,42,86,2,6,210,297,0)
Aone 28181 (18,20.3,35.6,82.6,35.6,85.1,2,7,210,297,0)
Aone 28183 (21.5,19.3,42.3,83.8,42.3,87.6,2,6,210,297,0)
Aone 28185 (21.5,0,42.3,70,42.3,70,3,6,210,297,0)
Aone 28187 (22.5,20,42,84,42,86,2,6,210,297,0)
Aone 28189 (25,21,36,83,36,85,2,7,210,297,0)
Aone 28204 (0,0,42,74.2,42,74.2,4,5,297,210,1)
Aone 28311 (15,15,42,84,42,89,2,6,210,297,0)
Aone 28313 (25,20,48,84,48,86,2,5,210,297,0)
Aone 28315 (23.5,7,33.9,64,33.9,64,3,7,210,297,0)
Aone 28382 (21.2,18.6,42.3,86.4,42.3,86.4,2,6,210,297,0)
Aone 28383 (0,0,42.3,70,42.3,70,3,7,210,297,0)
Aone 28384 (21.2,0,42.3,70,42.3,70,3,6,210,297,0)
Aone 28385 (14.8,0,38.1,70,38.1,70,3,7,210,297,0)
Aone 28386 (12.7,0,33.9,70,33.9,70,3,8,210,297,0)
Aone 28387 (21.2,18.6,50.8,86.4,50.8,86.4,2,5,210,297,0)
Aone 28388 (8.8,8.4,25.4,48.3,25.4,48.3,4,11,210,297,0)
Aone 28389 (12.9,6,33.9,66,33.9,66,3,8,210,297,0)
Aone 28390 (9,7.2,46.5,63.5,46.5,66,3,6,210,297,0)
Aone 28435 (12.7,0,42.3,85.6,42.3,85.6,3,8,257,364,0)
Aone 28857 (9,7.2,46.5,63.5,46.5,66,3,6,210,297,0)
Aone 28911 (25,10,48,89,48,91,2,5,210,297,0)
Aone 28915 (21.5,19.3,42.3,83.8,42.3,87.6,2,6,210,297,0)
Aone 28919 (21.2,18.6,42.3,86.4,42.3,86.4,2,6,210,297,0)
Aone 28923 (0,0,42.3,70,42.3,70,3,7,210,297,0)
Aone 28927 (21.2,0,42.3,70,42.3,70,3,6,210,297,0)
Aone 28931 (14.8,0,38.1,70,38.1,70,3,7,210,297,0)
Aone 28935 (12.7,0,33.9,70,33.9,70,3,8,210,297,0)
Aone 28939 (21.2,18.6,50.8,86.4,50.8,86.4,2,5,210,297,0)
Aone 28943 (8.8,8.4,25.4,48.3,25.4,48.3,4,11,210,297,0)
Aone 28947 (12.9,6,33.9,66,33.9,66,3,8,210,297,0)
Apli 1270 (8.8,0,25.4,70,25.4,70,3,11,210,297,0)
Apli 1271 (13.5,0,30,70,30,70,3,9,210,297,0)
Apli 1272 (8.5,0,35,70,35,70,3,8,210,297,0)
Apli 1273 (0.5,0,37,70,37,70,3,8,210,297,0)
Apli 1274 (0.5,0,37,105,37,105,2,8,210,297,0)
Apli 1275 (8.5,0,40,105,40,105,2,7,210,297,0)
Apli 1276 (0.1,0,42.4,70,42.4,70,3,7,210,297,0)
Apli 1277 (0.1,0,42.4,105,42.4,105,2,7,210,297,0)
Apli 1287 (8.5,0,35,105,35,105,2,8,210,297,0)
Apli 1984 (0,0,37,105,37,105,2,8,210,297,0)
Apli 1985 (8.5,0,40,105,40,105,2,7,210,297,0)
Apli 3056 (13.3,8.1,33.8,64.6,33.8,64.6,3,8,210,297,0)
Apli 3057 (21.3,8,42.4,97,42.4,97,2,6,210,297,0)
Avery C2160 (15.2,7.2,38.1,63.5,38.1,66,3,7,210,297,0)
Avery C2163 (15.2,4.7,38.1,101.6,38.1,99,2,7,210,297,0)
Avery C2166 (33.6,31.9,52,70,59.3,76.2,2,4,210,297,0)
Avery C2180 (34.2,40.2,21.2,38.1,29.6,45.7,3,8,210,297,0)
Avery C2241 (37.4,26.3,31.7,76.2,38.1,81.3,2,6,210,297,0)
Avery C2242 (27.9,23.7,50.8,50.8,63.5,55.9,3,4,210,297,0)
Avery C6104 (10,20,38,52,42,56,2,2,100,148,1)
Avery J40063 (23.8,55.5,38.1,99.1,63.5,99.1,1,2,210,297,0)
Avery J40065 (40.6,5.9,67.7,99.1,67.7,99.1,2,1,210,297,0)
Avery J8159 (13.7,6.3,33.9,64,33.9,66.7,3,8,210,297,0)
Avery J8160 (15.9,7.2,38.1,63.5,38.1,66,3,7,210,297,0)
Avery J8161 (9.5,7.2,46.6,63.5,46.6,66,3,6,210,297,0)
Avery J8162 (13.7,4.7,33.9,99,33.9,101.6,2,8,210,297,0)
Avery J8163 (15.9,4.7,38.1,99,38.1,101.6,2,7,210,297,0)
Avery J8164 (5.3,7.2,72,63.5,72,66,3,4,210,297,0)
Avery J8360 (15.9,7.2,38.1,63.5,38.1,66,3,7,210,297,0)
Avery J8362 (13.7,4.7,33.9,99,33.9,101.6,2,8,210,297,0)
Avery J8363 (15.9,4.7,38.1,99,38.1,101.6,2,7,210,297,0)
Avery J8560 (15.9,7.2,38.1,63.5,38.1,66,3,7,210,297,0)
Avery J8562 (13.7,4.7,33.9,99,33.9,101.6,2,8,210,297,0)
Avery J8563 (15.9,4.7,38.1,99,38.1,101.6,2,7,210,297,0)
Avery J8651 (11.6,4.7,21.2,38.1,21.2,40.6,5,13,210,297,0)
Avery L2160 (12.7,20.6,25.4,66.7,25.4,66.7,1,4,108,127,0)
Avery L2162 (12.7,6.3,33.9,95.2,33.9,95.2,1,3,108,127,0)
Avery L30063 (23.8,55.5,38.1,99.1,63.5,99.1,1,2,210,297,0)
Avery L7159 (13.7,6.3,33.9,64,33.9,66.7,3,8,210,297,0)
Avery L7160 (15.9,7.2,38.1,63.5,38.1,66,3,7,210,297,0)
Avery L7161 (9.5,7.2,46.6,63.5,46.6,66,3,6,210,297,0)
Avery L7162 (13.7,4.7,33.9,99,33.9,101.6,2,8,210,297,0)
Avery L7163 (15.9,4.7,38.1,99,38.1,101.6,2,7,210,297,0)
Avery L7164 (5.3,7.2,72,63.5,72,66,3,4,210,297,0)
Avery L7551 (11.6,4.7,21.2,38.1,21.2,40.6,5,13,210,297,0)
Avery L7560 (15.9,7.2,38.1,63.5,38.1,66,3,7,210,297,0)
Avery L7562 (13.7,4.7,33.9,99,33.9,101.6,2,8,210,297,0)
Avery L7563 (15.9,4.7,38.1,99,38.1,101.6,2,7,210,297,0)
Avery L7651 (11.6,4.7,21.2,38.1,21.2,40.6,5,13,210,297,0)
Avery L7680 (11.6,4.7,21.2,38.1,21.2,40.6,5,13,210,297,0)
Avery L7690 (11.6,4.7,21.2,38.1,21.2,40.6,5,13,210,297,0)
Avery 2160 Mini (12.7,20.6,25.4,66.7,25.4,66.7,1,4,108,127,0)
Avery 2162 Mini (12.7,3,33.9,101.6,33.9,101.6,1,3,108,127,0)
Avery 2660 Mini (12.7,20.6,25.4,66.7,25.4,66.7,1,4,108,127,0)
Avery 2662 Mini (12.7,0,33.9,104.8,33.9,104.8,1,3,108,127,0)
Avery 5161 (12.7,4,25.4,101.6,25.4,106.3,2,10,216,280,0)
Avery 5162,5262,5962,5922 (21.2,4,33.9,101.6,33.9,106.3,2,7,216,280,0)
Avery 5160,5260,5920 (12.7,4.8,25.4,66.7,25.4,69.8,3,10,216,280,0)
Avery 5660,5930 (12.7,0,25.4,72,25.4,72,3,10,216,280,0)
Avery 5661 (12.7,0,25.4,107.9,25.4,107.9,2,10,216,280,0)
Avery 5662,5932 (21.2,0,33.9,107.9,33.9,107.9,2,7,216,280,0)
Avery 5663 (12.7,0,50.8,107.9,50.8,107.9,2,5,216,280,0)
Avery 5960,8920 (12.7,4.8,25.4,66.7,25.4,69.8,3,10,216,280,0)
Avery 5261,5961,8161 (12.7,4,25.4,101.6,25.4,106.3,2,10,216,280,0)
Avery 5970,5971,5972 (12.7,4.8,25.4,66.7,25.4,69.8,3,10,216,280,0)
Avery 5979,5980,8160 (12.7,4.8,25.4,66.7,25.4,69.8,3,10,216,280,0)
Avery 8162,8922 (21.2,4,33.9,101.6,33.9,106.3,2,7,216,280,0)
Avery 8460,8660,8930 (12.7,4.8,25.4,66.7,25.4,69.8,3,10,216,280,0)
Avery 8462,8662 (21.2,4,33.9,101.6,33.9,106.3,2,7,216,280,0)
Avery 8663 (12.7,4,50.8,101.6,50.8,106.3,2,5,216,280,0)
Avery 8462 (21.2,4.1,33.9,101.6,33.9,106.4,2,7,216,280,0)
Devauzet 4530P (13.2,5,30,45,31,51.6,4,9,210,297,0)
Devauzet 4621P (10.6,9.6,21.2,46,21.2,48.2,4,13,210,297,0)
Devauzet 6325P (4.2,5,25.4,63.3,25.4,68.3,3,11,210,297,0)
Devauzet 6338P (14.8,7.2,38.1,63.5,38.1,66,3,7,210,297,0)
Devauzet 6339 (10.5,10.5,39.5,63,39.5,63,3,7,210,297,0)
Devauzet 6346P (8.5,7.2,46.6,63.5,46.6,66,3,6,210,297,0)
Devauzet 6633 (12.7,6,33.9,66,33.9,66,3,8,210,297,0)
Devauzet 7017 (4.2,0,16.9,70,16.9,70,3,17,210,297,0)
Devauzet 7025 (8.7,0,25.4,70,25.4,70,3,11,210,297,0)
Devauzet 7029 (0,5,0,29.6,70,29.6,70,3,10,210,297,0)
Devauzet 7032 (4.2,0,32,70,32,70,3,9,210,297,0)
Devauzet 7033 (12.7,0,33.9,70,33.9,70,3,8,210,297,0)
Devauzet 7035 (8.2,0,35,70,35,70,3,8,210,297,0)
Devauzet 7036 (4.2,0,36,70,36,70,3,8,210,297,0)
Devauzet 7037 (0,0,37,70,37,70,3,8,210,297,0)
Devauzet 7038 (14.8,0,38.1,70,38.1,70,3,7,210,297,0)
Devauzet 7042 (0,0,42.3,70,42.3,70,3,7,210,297,0)
Devauzet 7050 (21.4,0,50.8,70,50.8,70,3,5,210,297,0)
Devauzet 9540 (8.2,10,40,95,41,95,2,7,210,297,0)
Devauzet 9633 (13,8.5,33.9,95,33.9,95,2,8,210,297,0)
Devauzet 9742 (21.2,8,42.3,97,42.3,97,2,6,210,297,0)
Devauzet 9934P (12.5,4.6,34,99.1,34,101.6,2,8,210,297,0)
Devauzet 9938P (14.8,4.6,38.1,99.1,38.1,101.6,2,7,210,297,0)
Devauzet 9967P (14.2,4.5,67,99.1,67,101.6,2,4,210,297,0)
Devauzet 9993P (8.5,4.6,93.1,99.1,93.1,101.6,2,3,210,297,0)
Devauzet 10529 (0,0,29.6,105,29.6,105,2,10,210,297,0)
Devauzet 10533 (12.7,0,33.9,105,33.9,105,2,8,210,297,0)
Devauzet 10535 (8.2,0,35,105,35,105,2,8,210,297,0)
Devauzet 10536 (4.2,0,36,105,36,105,2,8,210,297,0)
Devauzet 10537A (0,0,37,105,37,105,2,8,210,297,0)
Devauzet 10538 (14.8,0,38.1,105,38.1,105,2,7,210,297,0)
Devauzet 10542 (0,0,42.3,105,42.3,105,2,7,210,297,0)
Devauzet 10548 (4.4,0,48,105,48,105,2,6,210,297,0)
Devauzet 10550 (21.2,0,50.8,105,50.8,105,2,5,210,297,0)
Devauzet 10557 (5.6,0,57,105,57,105,2,5,210,297,0)
Devauzet 10570 (8.4,0,70,105,70,105,2,4,210,297,0)
Devauzet 11933P (12.7,45.3,33.8,119.3,33.8,119.3,1,8,210,297,0)
Formtec LS-3105 (17.2,90,35,62,37.9,66,3,7,210,297,0)
Formtec LS-3107 (14.7,40,31.2,98,34,102,2,8,210,297,0)
Formtec LS-3108 (15,8,35,95.6,38.5,99.6,2,7,210,297,0)
Formtec LS-3114 (14.6,5,65,98,68.1,102,2,4,210,297,0)
Formtec LS-3116 (9.5,8,91,97,94.5,100,2,3,210,297,0)
Formtec LS-3120 (10,6.5,138,200,143,200,1,2,210,297,0)
Herma 4267 Laser Tag (13,4.7,33.9,99.1,33.9,101.6,2,8,210,297,0)
Herma 4269 Laser Tag (13,4.7,67.7,99.1,67.7,101.6,2,4,210,297,0)
Herma 4267 Laser Tag (10.7,9.8,21.2,38.1,21.2,38.1,5,13,210,297,0)
Herma 4271 Laser Tag (13.3,8.4,16.9,48.3,16.9,48.3,4,16,210,297,0)
Herma 4272 Laser Tag (8.8,8.4,25.4,48.3,25.4,48.3,4,11,210,297,0)
Herma 4273 Laser Tag (0,0,21.2,52.5,21.2,52.5,4,14,210,297,0)
Herma 4274 Laser Tag (0,0,29.7,52.5,29.7,52.5,4,10,210,297,0)
Herma 4275 Laser Tag (8.8,6,25.4,66,25.4,66,3,11,210,297,0)
Herma 4276 Laser Tag (4.9,0,16.9,70,16.9,70,3,17,210,297,0)
Herma 4277 Laser Tag (0,0,29.7,70,29.7,70,3,10,210,297,0)
Herma 4280 Laser Tag (13,8.5,67.7,96.5,67.7,96.5,2,4,210,297,0)
Herma 4281 Laser Tag (21.5,0,50.8,105,50.8,105,2,5,210,297,0)
Herma 4606 Laser Tag (10.7,9.8,21.2,38.1,21.2,38.1,5,13,210,297,0)
Herma 4607 Laser Tag (13.3,8.4,16.9,48.3,16.9,48.3,4,16,210,297,0)
Herma 4608 Laser Tag (8.8,8.4,25.4,48.3,25.4,48.3,4,11,210,297,0)
Herma 4609 Laser Tag (0,0,21.2,52.5,21.2,52.5,4,14,210,297,0)
Herma 4610 Laser Tag (0,0,29.7,52.5,29.7,52.5,4,10,210,297,0)
Herma 4611 Laser Tag (4.9,0,16.9,70,16.9,70,3,17,210,297,0)
Herma 4612 Laser Tag (0,0,29.7,70,29.7,70,3,10,210,297,0)
Herma 4613 Laser Tag (8.8,6,25.4,66,25.4,66,3,11,210,297,0)
Herma 4614 Laser Tag (13,6,33.9,66,33.9,66,3,8,210,297,0)
Herma 4615 Laser Tag (0,0,37.1,70,37.1,70,3,8,210,297,0)
Herma 4616 Laser Tag (0,0,42.3,70,42.3,70,3,7,210,297,0)
Herma 4619 Laser Tag (13,8.5,33.9,96.5,33.9,96.5,2,8,210,297,0)
Herma 4620 Laser Tag (0,0,37.1,105,37.1,105,2,8,210,297,0)
Herma 4623 Laser Tag (21.6,8.5,42.3,96.5,42.3,96.5,2,6,210,297,0)
Herma 4624 Laser Tag (13,8.5,67.7,96.5,67.7,96.5,2,4,210,297,0)
Herma 4625 Laser Tag (0,0,42.3,105,42.3,105,2,7,210,297,0)
Herma 4626 Laser Tag (0,0,74.2,105,74.2,105,2,4,210,297,0)
Herma 4629 Laser Tag (21.5,0,50.8,105,50.8,105,2,5,210,297,0)
Herma 4668 Laser Tag (0,0,42.3,70,42.3,70,3,7,210,297,0)

Hisago GB861 (20.3,20.3,42.3,83.8,42.3,87.6,2,6,210,297,0)
Hisago GB863 (0,0,35,74.1,35,74.1,4,6,210,297,0)
